DIAGNOSTIC_ONLY strace -c, max 60s
started_at=2026-07-07T19:36:59+08:00
_cell_length_a: 170.210000
_cell_length_b: 166.680000
_cell_length_c: 191.475286
_cell_length_alpha: 90.000000
_cell_length_beta: 90.000000
_cell_length_gamma: 90.000000
_symmetry_space_group_name_H-M: P 1 found space group: 1
_symmetry_Int_Tables_number: 1
exit_code=124
ended_at=2026-07-07T19:37:59+08:00
